.Random.seed <-
c(403L, 10L, -723443191L, -722211688L, 1455235014L, 1922282273L, 
49307571L, 841266978L, 920635668L, -1221064297L, -434136691L, 
-689979228L, 482114186L, 483750133L, 1375917903L, -1417490346L, 
-632538368L, 1236454979L, 1849030113L, 1940775248L, -499992658L, 
-1485435559L, -1185850517L, -427107622L, 480099228L, -59316321L, 
358690293L, 118489228L, -1929395870L, -1167164099L, -710881865L, 
-29263266L, -1007596648L, 1204101883L, 112716441L, 98857768L, 
-1169505834L, -57332143L, 432786691L, 711581842L, -1188907484L, 
-164132633L, 930807101L, 381065652L, 48023066L, 647587173L, 1628408831L, 
1122773638L, -216786416L, -1739390797L, -1836557487L, 4372224L, 
529307102L, -613179863L, -596027941L, 566221546L, 1193269388L, 
-1976399921L, -1998479483L, 1374366780L, -328430L, 1754708493L, 
85528903L, -1772334290L, 30445192L, 1177511819L, -1434286231L, 
-1789560520L, -1295399962L, -909585535L, 453544723L, 1669870786L, 
1957810036L, -2112040073L, -2060213139L, 1882823428L, -60562902L, 
-855109739L, 687445039L, -1855083210L, 1595766112L, 598045603L, 
573789377L, -587410256L, -1518898226L, 1520555833L, -225646773L, 
-1714907910L, -1646834180L, 2007883327L, -1536564459L, 247291948L, 
-939237118L, 46533085L, -802711337L, -1081203778L, 760309240L, 
1001292251L, 669765689L, -515053176L, -1175009994L, 458112881L, 
1717071267L, -410554126L, 2108156996L, -401467641L, -926615843L, 
418150356L, -2133817606L, -1572898235L, 899709599L, 461707302L, 
1527794864L, 371285331L, -201799567L, 1884476832L, 533203262L, 
-1487890359L, -587027205L, -644578102L, -1939391956L, -128369105L, 
707395301L, 1560179612L, -191457806L, -75165587L, -1175455321L, 
2100603854L, -1084534488L, -1823993045L, -1395134135L, 139888216L, 
-1699031290L, 1106039521L, 1731556979L, -803217694L, 1514037844L, 
-1224422569L, 659124045L, -1278946588L, -1968440630L, -901303499L, 
1812134287L, 1476685462L, 837979712L, 1580521219L, -148107487L, 
-67258352L, 948101102L, 378396569L, -1512060885L, -841208550L, 
-1015840804L, -1409949217L, -191388235L, 2021303116L, 1976893858L, 
-1871924995L, 1118698999L, -695530722L, -1345792552L, 1871744827L, 
523520217L, -1560624024L, 1542265238L, -190961391L, -25646397L, 
-1391516974L, 1099588452L, -1596242265L, 719327229L, -516830732L, 
950064858L, 1559005221L, 478938431L, 980110022L, -1882183856L, 
-1998727309L, 2002655633L, -726750272L, 1197284766L, -760492183L, 
1036192667L, 1154929322L, -1615053620L, -1625545329L, 412467653L, 
-957078148L, 1381674450L, -1221387955L, 2118413319L, -437646354L, 
-363883832L, -2066010677L, 1269073961L, -493752712L, 823487398L, 
686898625L, -1874453933L, -1958194942L, 1267390516L, 1457111479L, 
-1671281235L, 375250628L, 2055844586L, -262306475L, 564869871L, 
445868278L, -267302880L, -38856221L, -1938584959L, -1434622736L, 
-27894898L, -2023443207L, 1945378443L, 390450874L, -1249017412L, 
-1325395201L, -1798396331L, 696942956L, -1380130366L, -206325219L, 
-449150313L, 924503038L, -823867464L, -808191077L, -1684381191L, 
1667780936L, -1591161738L, -1653266398L, 935333672L, 781248012L, 
-405714116L, 1728117746L, -1788357904L, 658965060L, 181233240L, 
-995070150L, 586263536L, 1618157244L, -1685963500L, 2113577154L, 
219972704L, -1609395844L, -431444016L, 1214974242L, -485744984L, 
-957197428L, 542168252L, -1762793678L, 864956992L, 1111362740L, 
904979528L, 1627677114L, -128602608L, -1200494356L, 350728532L, 
-1759744238L, 12342688L, -736630068L, -436607392L, 1100677058L, 
-1033471192L, -1022220884L, 836679996L, 330733426L, -318015184L, 
-776032476L, 1685732664L, 1006402266L, -1422481520L, 2101609212L, 
-878014572L, 1346738242L, -722731776L, -1912941508L, 1384441168L, 
-2064676702L, -1819207864L, 1045950220L, 1051405020L, -1702188206L, 
-1955618176L, 140552276L, 26895336L, -347293958L, -827903664L, 
-797029588L, -245686412L, 814439314L, 294870624L, 167001996L, 
-867884192L, -1436925982L, 724049832L, -649599796L, 1866210812L, 
357213106L, -718589456L, 773517764L, 1460945240L, -2048846470L, 
-1510092368L, -1624989764L, 188125268L, 85939138L, 1233599520L, 
1082703036L, -1969024432L, 798627810L, 1239608936L, -127854004L, 
-730238724L, -1956265998L, 1389778176L, -854962316L, -1845067768L, 
-180781638L, -2080823856L, -684524564L, -2075615340L, -1528917038L, 
2055505760L, 1912536396L, -558605024L, 294200194L, 1058861800L, 
-141622036L, -898317764L, 227763058L, 1319352944L, 764792868L, 
1890688824L, -2010872678L, -1976247600L, -1512634180L, 750499476L, 
209383042L, -1020871488L, 19910972L, -766203760L, -854097374L, 
-1188344L, 1591064844L, 682789532L, -81107438L, 729638272L, -1437641196L, 
692325928L, 2075284794L, -1464387632L, -1084669332L, 965545780L, 
-1374479726L, -1803765408L, -1322776244L, 209616864L, -515885150L, 
-808382552L, -1384291444L, -1689979204L, 76643186L, 622794992L, 
2107863108L, 718159192L, 1420993594L, 530684784L, -1834021828L, 
540394260L, 1127449026L, -955588384L, 1395312508L, -350562608L, 
-198580574L, 1089449000L, 908038412L, -262222916L, -1964925646L, 
8517568L, -876686796L, 512515016L, -363989830L, -1165115504L, 
648637932L, 1360310356L, 2030317202L, 899470112L, -476895796L, 
-1233355808L, 1299675842L, 1082591784L, 147777196L, 177588924L, 
-2111731214L, 1230780720L, 1960696996L, 1376959160L, 227586906L, 
1941697936L, 499868028L, -1562426092L, 1903915330L, -1209246976L, 
-325325892L, 1003647824L, 803682594L, 507338056L, 1528584204L, 
1039949916L, 1131871442L, -246360064L, -142279852L, 1495669224L, 
30232570L, 1184796368L, 942863660L, 891912436L, 2102376338L, 
450419808L, -786772724L, 1697464032L, 1033223522L, 570303144L, 
1395640908L, -1259403396L, -1842328782L, 1577252464L, 1212456260L, 
-2064303144L, -1830223750L, -1296255440L, 921592508L, 1817773908L, 
1033089602L, -1015487584L, -1953013572L, 1203624400L, -1465424542L, 
1306545128L, -1461465140L, 576526076L, 938455026L, -1377551232L, 
-598198028L, 1004446856L, -1817393862L, -54037680L, -1224508308L, 
1855590548L, -1307281070L, -1052776736L, -122724148L, 1867690144L, 
-893931134L, -1616785176L, -1650503444L, 183214511L, 1061656761L, 
-1185944882L, -1262622692L, -1955656819L, -672090633L, -1808766720L, 
686303070L, 546340907L, 82911021L, -1780046950L, -621715112L, 
-978398015L, 2134496115L, 1568641172L, -420571870L, -529611721L, 
-671638271L, 691789830L, 1228953156L, 1949446005L, 1724768991L, 
-759980488L, 1902042646L, -1428860381L, -548758043L, 1022120962L, 
449672816L, 1167496217L, 565794315L, 2025964796L, -172029654L, 
-894685345L, -444690711L, 1394740734L, 725639660L, -239597251L, 
-1343596281L, 1435928816L, 900347022L, -13054277L, -1771217251L, 
-485119414L, -1957304216L, -1517864879L, -1516393661L, 1620385348L, 
1614535922L, 257382599L, -1620018543L, -676420586L, 1241386612L, 
87095557L, -567838897L, -2104123064L, 536497382L, 1446208019L, 
-1454393995L, 24791378L, -125460064L, -597657463L, 403804347L, 
-1041806580L, -1395541350L, 261648399L, 396260441L, 231733486L, 
1793915772L, -1505818643L, -509656937L, -122008736L, 1266707262L, 
265978891L, -1079278451L, 144668090L, 1998642168L, -683034719L, 
806670675L, -1837698956L, -787512830L, -901309289L, 1153146465L, 
171017894L, -2005471580L, 864635733L, 761997311L, 1217001112L, 
-1509426250L, 403140675L, -680539771L, 1560992290L, -1575284464L, 
1082126521L, 1861727595L, -2094863268L, -638008950L, -1871084161L, 
1391921353L, 357322078L, -1122365940L, -992206371L, 1845420263L, 
-1653648112L, 690764846L, 1991607003L, -254864451L, 1922592042L, 
102740424L, -731394319L, -2073255837L, -296266652L, -1840343150L, 
1025948775L, -2113776591L, -892166794L, 2082044564L, 1522878629L, 
428920239L, 1901000296L, 1325018694L, -1175884813L, -964601003L, 
1473074482L, 1878538496L, 315269609L, -1512139685L, 1078300332L, 
2019854522L, 935928431L, -1433096199L, 1984147086L, -593461412L, 
-344259635L, 624476983L, -1519330880L, 1557548702L, -1904093333L, 
2096746221L, 336935770L, 446781464L, -1781467775L, -1167195341L, 
-418557612L, -777088158L, 1119260663L, 750784577L, -467462970L, 
-1530342908L, 651287989L, 866419359L, 65385208L, 793659094L, 
